lastAccountName: Bok_Huy
timestamps:
  login: 1647578304829
  logout: 1647579224046
ipAddress: 171.234.15.79
logoutlocation:
  world: world
  x: -6.335677809733711
  y: 84.0625
  z: 0.6176771709571267
  yaw: 103.54998
  pitch: 3.9499996
afk: false
