lastAccountName: chipbo123
timestamps:
  login: 1647762993124
  logout: 1647763053478
ipAddress: 1.52.59.150
logoutlocation:
  world: world
  x: -21.841369974199566
  y: 81.5
  z: 2.3693446227475183
  yaw: -212.95001
  pitch: 24.050005
