lastAccountName: minetuan1904
timestamps:
  login: 1647563474370
  logout: 1647563495560
ipAddress: 14.231.218.235
logoutlocation:
  world: world
  x: -6.479097663317458
  y: 84.0625
  z: 1.4207729075022826
  yaw: -268.0
  pitch: 2.0
