lastAccountName: AnOggy
timestamps:
  login: 1647695383982
  logout: 1647695409732
ipAddress: 42.114.146.254
logoutlocation:
  world: world
  x: -2.572058952558988
  y: 84.0625
  z: 1.4824057698715478
  yaw: -267.90857
  pitch: 2.0914335
