lastAccountName: ntnnhudog
timestamps:
  login: 1647527140437
  logout: 1647527172543
ipAddress: 113.22.130.212
logoutlocation:
  world: world
  x: -12.58471721290426
  y: 84.0625
  z: 0.16488692947066053
  yaw: -257.94998
  pitch: -2.35
