lastAccountName: ChangNotNgu
timestamps:
  login: 1647597751108
  logout: 1647597755951
ipAddress: 1.55.51.186
logoutlocation:
  world: world
  x: -1.4151898762035215
  y: 84.0625
  z: 0.3426956462468001
  yaw: -265.8097
  pitch: 2.7301025
afk: false
