lastAccountName: CraflowMC
timestamps:
  login: 1647769150916
  logout: 1647769478801
  lastteleport: 1647742696134
ipAddress: 171.249.82.229
logoutlocation:
  world: world
  x: -13.870855973471688
  y: 84.0625
  z: -2.78627148979656
  yaw: 119.008865
  pitch: 25.161894
lastlocation:
  world: world
  x: 4.270833445527158
  y: 84.0625
  z: 10.032341101185246
  yaw: -18.817299
  pitch: 15.304734
