lastAccountName: FSQ_HAnhh
timestamps:
  login: 1647924947562
  logout: 1647924950073
ipAddress: 127.0.0.1
logoutlocation:
  world: world
  x: -4.5
  y: 98.0
  z: 3.5
  yaw: -269.88617
  pitch: 2.0865822
