lastAccountName: Blood_Moon0
timestamps:
  login: 1647680254070
  logout: 1647680292835
ipAddress: 125.235.232.115
logoutlocation:
  world: world
  x: -13.669363987286774
  y: 84.0625
  z: 2.319909075740182
  yaw: -288.09998
  pitch: 10.4
