lastAccountName: aphe0114
timestamps:
  login: 1647736093392
  logout: 1647736129887
ipAddress: 1.54.214.221
logoutlocation:
  world: world
  x: -52.07037216147404
  y: 75.0
  z: 3.9678417164459434
  yaw: -269.64984
  pitch: 26.899988
