lastAccountName: Nam_p_q_
timestamps:
  login: 1647767880070
  logout: 1647767890829
ipAddress: 14.191.40.175
logoutlocation:
  world: world
  x: -9.231602051377736
  y: 84.0625
  z: 1.244577243331533
  yaw: -267.8598
  pitch: 2.350543
