lastAccountName: SQ_ServerDowner
timestamps:
  login: 1647769062014
  logout: 1647769071105
ipAddress: 14.162.191.21
logoutlocation:
  world: world
  x: 1.5131630080889495
  y: 84.0625
  z: 1.5497294652741402
  yaw: -267.7647
  pitch: 1.843132
afk: false
