lastAccountName: Ldaring_
timestamps:
  login: 1647702094015
  logout: 1647702100359
ipAddress: 1.54.215.228
logoutlocation:
  world: world
  x: -8.011969775775452
  y: 84.0625
  z: 3.248639093274274
  yaw: -295.2922
  pitch: -4.8730793
