lastAccountName: Kutaki
timestamps:
  login: 1647764566360
  logout: 1647764584357
ipAddress: 113.171.15.199
logoutlocation:
  world: world
  x: -24.179103600468025
  y: 80.0
  z: 1.1618892064787503
  yaw: -278.13623
  pitch: -2.1134188
