lastAccountName: zZ_TTHT_Zz
timestamps:
  login: 1647766936290
  logout: 1647766942058
ipAddress: 14.183.102.216
logoutlocation:
  world: world
  x: -6.2265501815206346
  y: 84.0625
  z: 1.36307566647304
  yaw: -270.85004
  pitch: 12.35
