lastAccountName: NPGaming1
timestamps:
  login: 1647747283018
  logout: 1647747685124
ipAddress: 116.96.21.183
logoutlocation:
  world: world
  x: -7.9777569236020405
  y: 84.0625
  z: -3.4025033386416697
  yaw: -78.48663
  pitch: 33.899994
