lastAccountName: Exploiter
timestamps:
  login: 1647759422209
  logout: 1647759430764
ipAddress: 118.71.76.10
logoutlocation:
  world: world
  x: -4.371241151392461
  y: 84.0625
  z: 1.399482940852642
  yaw: -268.0
  pitch: 2.0
