lastAccountName: AnTrc2
timestamps:
  login: 1647769222772
  logout: 1647769257794
ipAddress: 42.114.121.247
logoutlocation:
  world: world
  x: 0.5697845795121217
  y: 84.0625
  z: -2.566803694941407
  yaw: -42.699905
  pitch: 5.150068
