lastAccountName: SQ_AnTrc2
timestamps:
  login: 1647769316277
  logout: 1647769319205
ipAddress: 42.114.121.247
logoutlocation:
  world: world
  x: -1.5
  y: 84.0625
  z: 1.5
  yaw: 98.600006
  pitch: 19.849998
afk: false
