lastAccountName: BearMCVN
timestamps:
  login: 1647525440040
  logout: 1647525454202
ipAddress: 14.248.5.119
logoutlocation:
  world: world
  x: -6.374792517836437
  y: 84.0625
  z: 2.9459537254715418
  yaw: -286.44998
  pitch: 34.699993
