lastAccountName: Fullsize
timestamps:
  login: 1647741375528
  logout: 1647741401967
ipAddress: 14.236.169.90
logoutlocation:
  world: world
  x: -37.59334410640096
  y: 78.5
  z: 2.8631479445073116
  yaw: -269.65015
  pitch: 21.5
