lastAccountName: Oddloop
timestamps:
  login: 1647766804368
  logout: 1647766808819
ipAddress: 117.1.253.55
logoutlocation:
  world: world
  x: -78.39146764927463
  y: 80.0
  z: -81.11581223911011
  yaw: -120.349304
  pitch: -3.047318
afk: false
