lastAccountName: HuyKiara
timestamps:
  login: 1647758192637
  logout: 1647758195927
ipAddress: 14.171.24.227
logoutlocation:
  world: world
  x: -3.7910752003073993
  y: 84.0625
  z: 1.483046423702035
  yaw: -266.6273
  pitch: -0.9949194
afk: false
