lastAccountName: Ninym
timestamps:
  login: 1647766052047
  logout: 1647766205462
ipAddress: 113.182.14.231
logoutlocation:
  world: world
  x: -77.50822520998625
  y: 78.0
  z: -142.58738836275896
  yaw: 33.094482
  pitch: 48.220776
