lastAccountName: YN_NhaDepZai
timestamps:
  login: 1647766777980
  logout: 1647766785509
ipAddress: 171.251.238.24
logoutlocation:
  world: world
  x: -4.132054966691678
  y: 84.0625
  z: 1.481484989169985
  yaw: -268.0
  pitch: 2.0
