lastAccountName: KisaLe_TN
timestamps:
  login: 1647690172744
  logout: 1647690182564
ipAddress: 14.189.253.243
logoutlocation:
  world: world
  x: -3.605782374643259
  y: 84.0625
  z: 1.9531120467272505
  yaw: -321.85004
  pitch: 6.0500007
