lastAccountName: hungvncraft
timestamps:
  login: 1647767139621
  logout: 1647767146846
ipAddress: 14.181.89.183
afk: false
logoutlocation:
  world: world
  x: -4.081861764740282
  y: 84.0625
  z: 1.4588555339723825
  yaw: 92.0
  pitch: 2.0
