lastAccountName: TranKelix
timestamps:
  login: 1647764700871
  logout: 1647764710523
ipAddress: 42.118.115.122
logoutlocation:
  world: world
  x: -4.410112085782227
  y: 84.0625
  z: 2.810207813260267
  yaw: 61.988373
  pitch: 43.960693
