lastAccountName: RPTBen
timestamps:
  login: 1647766915315
  logout: 1647766931504
ipAddress: 42.115.139.147
logoutlocation:
  world: world
  x: -8.308387519347104
  y: 84.0625
  z: 0.9318219475203176
  yaw: -89.13617
  pitch: -0.0134179
