lastAccountName: Pt5n_fake
timestamps:
  login: 1647765289966
  logout: 1647765304761
ipAddress: 171.251.238.24
logoutlocation:
  world: world
  x: -7.034897136358081
  y: 84.0625
  z: 3.510860869428143
  yaw: -264.63614
  pitch: 21.436577
