lastAccountName: PhamTrungKien
timestamps:
  login: 1647638510932
  logout: 1647638518061
ipAddress: 42.116.107.188
logoutlocation:
  world: world
  x: -3.0063894775861675
  y: 84.0625
  z: 1.4759990614838898
  yaw: 92.75
  pitch: 2.0
