lastAccountName: Ducthanh200328
timestamps:
  login: 1647755325597
  logout: 1647755331130
  lastteleport: 1647742688037
ipAddress: 118.70.68.201
logoutlocation:
  world: world
  x: -1.5
  y: 84.0625
  z: 1.5
  yaw: -268.0
  pitch: 2.086074
lastlocation:
  world: world
  x: -2.114505307979033
  y: 84.0625
  z: 10.022116737350741
  yaw: -33.568893
  pitch: 18.505926
afk: false
